age
49
69
41
73
45
71
50
43
70
32
47
77
64
50
50
45
49
47
62
50
47
72
47
63
21
49
50
48
35
77
48
48
50
47
29
42
42
85
45
49
45
43
49
68
42
48
72
79
48
50
47
45
30
76
31
49
74
72
48
49
73
50
47
47
83
72
75
50
50
49
48
45
49
49
49
72
50
75
74
72
74
76
49
50
76
36
45
35
24
45
50
42
22
60
59
45
51
46
47
34
63
71
37
21
43
32
47
35
70
26
63
54
45
47
26
35
22
31
70
51
37
41
53
34
45
34
43
50
29
49
46
44
26
49
48
26
34
25
38
25
78
45
31
47
57
28
75
49
26
49
34
25
49
34
19
32
52
73
39
31
48
82
33
30
37
33
47
29
47
37
29
40
62
48
36
41
57
57
34
25
78
23
32
41
20
73
49
50
46
50
27
45
29
56
75
53
47
39
78
43
45
52
48
36
78
47
23
34
49
25
46
40
50
37
51
35
45
49
21
37
42
57
49
40
47
49
52
42
48
28
33
49
53
21
38
20
32
77
45
49
21
48
50
62
39
45
44
46
75
42
46
50
70
37
38
46
32
44
50
30
39
38
27
19
49
19
40
65
27
50
48
38
44
70
64
72
49
32
49
49
73
30
30
55
42
58
79
28
33
26
36
31
73
31
71
68
50
25
81
24
50
21
23
51
62
80
66
29
30
40
19
71
79
77
32
40
49
26
49
67
56
24
47
28
58
45
19
72
34
46
19
33
80
30
73
20
19
40
76
48
38
76
76
37
35
26
25
67
31
27
36
21
28
39
49
45
60
48
45
47
27
79
45
51
23
74
31
20
50
30
82
70
43
20
50
48
18
45
62
41
71
19
73
26
75
41
46
49
49
23
74
53
23
51
71
50
50
67
74
